1278
1962
553
359
141
306
220
1714
5029
187
902
4271
249
499
267
1661
1832
802
552
1602
727
1278
1265
1587
1485
694
1025
4084
261
163
338
1096
152
6733
1023
98
953
3898
190
349
393
5197
3156
232
1376
958
239
3089
994
5187
1941
599
1410
1834
5721
2490
821
3878
999
870
662
3470
617
629
1067
759
518
2410
1458
3030
564
1841
1990
2516
397
1729
1487
458
2896
488
850
2477
221
422
615
1260
1398
170
256
2263
3731
1337
4644
493
1166
2332
89
738
2512
2056
216
12460
7839
718
2873
291
1027
177
575
1705
502
162
1022
433
663
1003
308
685
1814
2980
236
991
831
3988
1261
578
204
428
1988
1442
896
1457
1021
2705
768
1889
534
1229
745
4007
354
214
2368
1722
1044
271
2004
2443
308
7847
111
1116
859
5734
4129
1909
1492
210
6847
1857
786
233
4340
3164
1274
334
206
545
1518
1909
506
4112
5490
3338
1804
1249
169
424
678
1618
1953
274
521
164
144
9
163
636
2013
5331
1295
2385
259
3464
837
2610
354
1167
680
532
373
181
389
582
2538
2168
411
1708
2134
2884
1335
1320
642
304
110
437
1102
1456
609
4866
2810
1161
3059
783
505
400
3919
584
173
1360
1468
510
1087
1940
2518
2916
1490
920
2255
1381
156
1148
832
1596
4412
293
96
99
216
37
107
1193
261
440
826
1217
6290
1165
2117
1275
2770
1339
190
1232
4479
3009
609
640
3289
517
3281
1457
539
1214
6875
3531
2574
117
3602
764
1507
1267
1559
377
523
812
2130
284
827
442
608
896
131
1294
280
345
2433
2506
895
403
231
2733
459
2601
1778
644
978
251
252
76
245
497
2728
995
598
1705
351
987
2401
203
2058
124
1293
2020
1812
833
2715
635
2404
1233
5080
1501
2405
3867
2153
1129
5569
569
2456
938
2228
2391
2735
2100
884
133
2342
140
1003
187
7155
586
1084
1236
4005
1560
459
3026
560
218
229
272
257
3304
1512
1423
1407
3371
128
314
939
159
1789
4997
3437
1889
1802
1177
1024
147
421
583
1357
246
2293
1280
1096
279
1386
107
497
1705
1132
311
5158
1218
1528
543
2123
2485
1020
1447
2660
1687
519
2089
302
465
2457
1463
474
2337
160
1252
1188
946
1002
2392
4314
1152
1583
1141
1816
13
1085
555
263
364
4037
1116
1663
896
1940
171
866
1172
782
7057
172
2961
1318
2392
107
495
2410
235
2460
375
9454
1188
2876
1714
128
4177
1438
929
289
1193
5866
1116
1691
1449
1660
508
4164
1052
1610
2982
2004
210
2751
825
2326
126
1449
1838
5382
3163
150
1121
896
1061
2780
1917
3813
1173
2199
294
3313
743
3404
262
704
1082
882
6930
1212
665
1622
2134
1148
1116
827
307
639
1797
267
788
1103
468
213
134
3369
2164
1168
1479
1595
147
1219
854
1446
2553
823
4407
668
369
679
788
5261
5465
1299
1347
3070
544
382
6326
1564
1507
288
944
123
168
716
645
5528
2549
2844
4594
794
287
754
375
1876
3223
1959
420
1010
1985
260
875
226
5829
6718
2139
2219
1459
379
1779
381
2201
891
2879
276
766
1096
1366
1086
87
1222
3110
1751
177
2778
191
397
1518
1154
151
1923
1996
188
800
323
1697
291
4735
925
853
291
1405
1522
7281
6158
500
2960
638
1999
989
1530
205
456
4936
5152
800
421
1060
3219
5577
1137
323
1388
768
279
219
471
2630
2103
593
644
405
737
3003
2418
437
6105
2618
161
5986
2625
4950
345
4453
618
1203
186
1285
5935
1448
1715
603
354
1309
3774
5762
1692
104
921
665
357
4361
366
452
286
207
534
669
133
1928
4710
2423
1279
920
703
553
3141
1670
1276
595
1221
2021
341
2016
707
535
177
528
849
299
229
1780
1191
681
1225
5792
732
619
1487
2377
530
3572
640
855
563
1062
123
3570
347
1678
5361
6417
1616
1298
3904
2509
215
1089
1708
620
2292
2632
677
1264
2022
4037
5201
312
1107
1567
856
1339
1374
989
1781
857
374
2057
7647
193
632
527
923
1324
1439
2891
530
2728
666
794
93
195
319
269
1549
2703
922
131
943
3446
5246
253
170
771
1171
347
108
487
643
111
1894
1894
3460
1385
1295
641
946
1689
401
2355
1050
917
1746
157
1355
3430
2093
300
267
213
1872
447
174
4111
74
2734
1046
1677
322
1505
1523
1046
1020
4478
350
517
252
825
2824
775
753
9442
2114
113
1323
340
178
670
4190
1974
9167
139
367
3943
630
2367
2147
533
876
650
1503
1056
740
325
1475
2629
549
795
368
352
1349
3464
907
97
498
3243
1050
3316
54
77
810
103
71
400
731
848
3394
401
616
314
679
1818
2574
471
375
97
1503
381
1673
4460
4225
759
607
1205
914
567
3318
3088
702
707
2692
356
981
130
439
5312
1378
2126
811
649
525
3496
914
5039
353
2981
3539
3234
3731
96
542
1358
286
940
1085
1156
2696
1169
1064
158
697
772
214
246
421
2149
2140
3589
411
2494
3571
3041
601
5033
3181
182
5748
1162
2543
1920
635
5864
1792
919
1909
360
3225
1955
362
676
421
2238
942
192
1171
280
253
1087
984
1315
3050
4257
575
1574
457
1133
1653
1296
3408
1065
1101
626
997
217
1966
374
117
1577
3397
152
545
3333
7689
2974
1389
2160
1479
3032
2431
3451
1979
6917
298
1506
568
3056
445
1296
4845
1507
4192
1179
139
2249
3729
823
2339
1687
1065
2364
1746
1179
1362
252
370
1079
62
149
1968
117
105
452
491
1981
2121
4100
1361
1016
1182
224
2785
1554
3675
1237
1256
904
2354
552
1934
3896
466
405
2997
763
636
7399
1267
317
2219
964
1097
243
1155
278
3108
3200
1112
2581
469
1632
932
184
3495
2130
426
102
2661
115
1115
446
435
657
527
1584
2793
323
902
2391
273
420
113
1965
771
2435
1271
2736
2129
3452
341
877
1362
102
636
1388
726
2063
685
1404
106
329
478
102
105
2251
1930
161
1225
868
371
2362
3125
6922
229
790
158
268
905
434
2273
1813
7545
366
916
3200
4189
379
2084
2298
3881
1517
1053
424
1573
682
2547
285
2215
2377
1077
417
1971
1782
3783
541
217
806
2630
6064
576
133
3363
1970
323
3283
605
1018
670
160
151
448
354
245
1713
1941
6331
501
344
1425
1496
514
1936
657
108
1843
2034
247
1620
1143
362
2392
2278
576
1435
309
2625
1634
1591
755
2125
6751
843
1058
185
581
1616
106
1813
648
7397
3494
486
747
2459
1392
189
734
2751
1426
2418
96
1800
1049
466
1445
522
494
1216
497
1359
3411
2733
5879
354
4938
2175
741
3586
260
1176
146
1009
1693
1714
1927
115
394
264
2482
1730
592
959
97
1934
811
3774
323
856
1207
863
937
3059
334
285
925
1900
459
145
709
704
642
4295
1085
370
960
1604
751
1121
173
824
617
105
625
112
1297
916
2818
254
472
3363
876
174
1069
2070
6433
10551
316
1178
1749
949
1399
1467
231
1279
338
1489
470
1348
370
168
293
3102
1521
596
1230
2342
621
2305
934
1045
3153
1128
818
979
4194
112
347
638
334
1356
783
1305
1447
670
1260
1740
6448
372
201
889
2585
3544
856
123
350
959
979
5643
1239
1417
855
236
580
2928
1035
1213
4667
3192
1157
361
273
3066
491
3262
4874
2908
3448
218
2818
2902
1191
1002
586
100
309
485
3983
1112
733
391
120
52
1213
237
476
39
1907
629
2252
977
1143
3388
112
1762
287
4046
581
280
5341
5225
1297
3200
1692
3300
10139
2744
1030
219
1616
1139
708
1327
1730
284
861
897
186
94
1303
876
2329
575
670
752
1397
147
2970
163
707
4139
5535
911
1263
153
1763
114
779
1137
4088
697
993
903
2206
953
1106
968
410
311
457
1190
822
164
3936
3815
1028
1207
1717
311
2559
901
546
3294
1014
1576
521
11358
985
1331
117
567
477
2315
666
824
1588
2576
3866
135
3255
304
1981
802
5092
191
2144
1400
729
340
1737
468
307
520
771
3895
367
2766
851
150
269
336
2750
967
4301
524
2042
1343
3291
826
1188
5317
1434
3355
3553
524
7153
5419
1250
4381
464
1117
508
330
276
1375
295
1143
138
451
1265
258
4323
900
4203
252
3264
1817
144
211
254
1799
1823
830
140
849
1764
737
1130
3721
5085
4488
405
141
919
2279
993
254
1106
557
1958
2479
146
177
4890
1230
654
2312
148
1620
310
460
675
5476
1299
251
681
2596
670
1909
169
2128
1842
390
259
1188
396
576
744
324
152
3872
225
207
347
1188
1729
614
430
3462
586
328
971
2981
315
219
371
2339
1039
2184
2291
482
1856
358
239
463
1852
100
839
732
1879
1923
848
2849
3461
487
96
5751
783
481
302
2064
2252
862
1919
934
4635
417
7464
250
447
758
96
1533
233
373
1532
2215
3201
5788
1051
114
149
4312
4150
1248
2165
3332
173
236
5676
66
1111
3422
1432
1030
1307
2147
982
497
781
387
1169
672
296
797
3869
2148
1235
732
297
1175
2170
786
996
1418
1042
418
2693
532
129
1303
7947
1456
900
166
753
476
1667
743
448
1008
2159
1138
4194
508
360
3881
215
991
575
925
673
3367
423
2769
1116
1294
2393
579
1474
1330
2777
250
1493
3190
1046
811
265
3469
189
643
430
102
1776
803
5727
1255
1071
264
3003
1318
453
2258
2850
589
3901
135
1616
528
100
700
5039
343
624
931
1831
183
2827
1897
1376
737
609
87
230
1133
773
346
2254
2714
1518
1729
644
117
3152
429
1158
1184
1945
946
602
2764
2756
644
1080
596
961
1024
95
2914
132
1133
924
3867
274
410
400
706
2994
3699
3865
4389
1394
2613
1558
872
1792
1593
1891
548
782
141
108
581
594
3908
1322
1502
4070
372
819
862
810
1702
2491
2362
3396
1254
220
742
320
373
465
1983
885
352
653
1345
2912
727
2095
828
1438
2444
504
651
1171
452
773
151
1302
158
1060
1077
4045
518
1782
2908
3037
3054
1150
3637
2852
190
602
5225
1884
347
231
260
580
963
909
1440
463
4564
932
2206
2078
176
1039
5175
274
5279
1526
2166
1844
288
110
1040
457
3232
1911
1283
2170
3584
219
2334
30
308
1515
917
429
190
5055
3307
139
3744
775
1318
557
1869
269
911
126
1848
340
3829
2692
1858
382
2799
303
772
2476
911
2945
4531
3506
240
827
1568
1193
3390
614
3092
155
576
1448
1275
993
2071
170
778
704
1197
767
646
2979
1064
1662
1277
1038
1571
647
349
1907
1877
1297
150
107
4589
781
292
1295
3399
170
1506
111
127
2361
376
256
3124
328
3318
461
1302
826
487
755
784
217
1957
1335
804
1246
1408
1452
487
149
280
1916
1032
1075
5600
222
259
6012
556
457
238
571
431
1206
941
741
848
3183
2759
902
4485
2699
457
859
1553
1666
1941
980
2450
227
748
817
367
666
76
282
556
127
403
401
692
4927
271
2105
761
697
991
798
368
2261
7263
610
802
881
2042
3405
2518
418
559
2780
1993
8655
1969
441
490
508
2102
2801
1650
1218
659
1464
612
451
1325
3196
2772
717
686
7283
4216
142
1849
581
3145
107
1029
2907
704
627
624
905
347
917
280
593
95
1744
1308
793
211
1334
1484
259
856
1292
3284
837
1073
2298
2287
745
1658
315
116
452
321
578
1117
89
720
143
222
10604
2020
6021
270
764
627
2765
1526
613
240
1169
2759
2077
2760
1022
2659
258
116
2923
316
1376
125
145
333
418
677
270
1105
234
2369
882
1982
469
278
4605
631
415
1618
2492
2182
2167
617
388
650
1700
2805
403
1534
7355
3281
242
1291
884
2252
885
1451
5589
1080
267
5309
431
1146
1132
1407
208
4245
1150
1071
4854
1649
315
2266
885
697
4689
451
438
105
1629
545
2975
1081
399
1250
227
494
2862
5207
4838
706
1166
1751
2575
307
1228
1326
1155
466
2546
1775
1269
842
3160
435
357
5026
4051
1392
1537
101
1039
405
1015
444
1698
183
1928
316
158
2713
571
4157
2004
2100
655
897
216
2411
944
2152
357
463
149
1124
666
3945
3179
1162
1276
102
592
246
465
1793
1239
1479
1774
4730
1677
561
570
1647
676
973
190
608
1444
3287
393
474
316
2434
1410
859
718
3267
1550
1011
1325
988
111
2359
5327
118
1090
539
1339
2705
1698
333
1953
1115
427
441
1329
8986
367
1331
4336
234
972
1817
405
386
219
6320
1391
1402
3676
706
2270
206
1507
331
241
258
2099
244
2190
1224
1295
1359
1858
157
2907
2293
3933
821
1203
231
1321
1313
960
2199
359
936
247
6977
208
571
2271
5576
539
1455
770
1296
596
1081
5715
1987
2413
3577
783
2344
541
3429
333
1020
2143
611
910
416
430
4064
1445
258
1002
1488
89
1172
1656
1975
254
3457
291
1020
2642
719
3257
8570
1881
1214
610
836
1152
6268
630
1080
796
2166
340
296
355
1284
3294
902
130
1589
822
3332
951
196
1048
1065
1686
1001
463
4585
2669
486
683
3737
1094
693
1713
1639
1963
1691
3104
594
228
8991
472
539
420
1883
511
1624
154
587
483
307
2301
569
1093
1242
927
323
622
1352
3999
1303
553
1178
10192
1171
954
974
543
1961
1126
1941
1037
1957
2811
1784
1386
4519
232
1559
176
4556
1795
414
2057
1632
1318
5186
2807
329
281
3523
3259
390
1279
123
185
2746
281
427
1293
1017
570
384
2041
107
1207
1273
677
2692
1660
625
1866
309
251
1687
493
1086
7097
672
936
303
1553
453
918
1082
314
2785
2107
1250
1325
739
2064
386
1261
6735
3690
2702
662
1062
1225
803
445
197
2135
613
2199
235
299
190
1029
1665
2408
428
1186
692
247
966
2113
4234
1386
4596
167
745
2765
629
2048
1427
2265
522
726
944
1714
1278
322
469
1588
5575
180
928
2316
788
3352
3623
3907
319
2906
103
2272
5186
131
2069
2176
759
722
4305
1130
1529
2442
264
1693
3360
1458
1210
8944
2020
1588
1921
2745
92
1674
328
3560
798
617
1813
599
1894
3428
4606
135
228
971
2769
1013
1289
981
3193
1086
685
687
6487
647
885
1748
6437
645
3152
1288
2244
173
3989
741
880
289
2065
4817
3067
1546
891
2796
2378
3157
4727
571
161
472
968
284
1148
2476
1168
2134
2984
282
8482
4030
195
423
259
7224
2031
632
864
1637
715
1258
751
400
1585
481
224
1395
4855
2877
4519
675
391
71
1491
797
266
3503
1059
2524
2809
1486
1448
505
301
4403
1150
1758
706
2678
2633
165
1856
623
2986
11996
990
2584
1878
3118
5835
3562
5958
125
985
1117
459
108
2241
5089
1229
1426
648
360
642
1353
1172
210
88
1171
1534
3725
382
1395
880
509
543
2503
323
794
806
1671
773
1489
2066
566
452
1898
363
3234
617
339
556
1377
9812
5455
1193
257
489
2730
1588
1013
3520
315
2004
415
833
961
521
600
1565
529
1026
2408
2267
2294
3439
143
2436
2819
608
221
2869
1027
81
75
539
431
256
234
231
241
1185
5604
3127
5720
2228
697
5389
1616
6175
2414
3936
10013
1543
340
4739
945
2429
384
2586
1405
2928
3649
3369
1626
2495
1065
771
1448
2184
142
778
469
490
1092
94
2057
690
4383
233
2076
2250
433
133
215
1553
325
291
1064
3829
5625
212
881
3313
1646
495
400
1556
432
483
2247
1651
1784
4829
516
1227
2914
2842
2056
669
2173
761
1187
3723
1470
1383
1327
2117
3746
641
149
3627
2585
586
2303
213
731
131
571
216
144
1149
414
2
268
2175
261
4254
521
2964
143
385
4906
327
1834
670
312
1346
509
1747
126
1360
372
301
3913
293
766
380
3023
2021
1513
734
418
149
981
8690
988
2769
1718
749
754
828
1783
459
4118
115
169
512
2016
4404
3818
2754
654
3462
2661
1331
527
263
698
373
599
606
2278
2249
2541
885
1527
1472
511
2502
519
520
3517
220
1856
4126
1465
2720
515
1056
2444
842
958
1475
768
1019
848
6811
2533
273
1575
1340
1498
494
2364
1094
377
992
3136
1099
1142
561
1859
1504
2215
191
1993
3299
757
156
208
532
686
619
171
89
3958
1182
919
1668
472
6950
308
646
1060
1448
5505
1911
1309
2827
1655
1555
87
3507
734
369
3208
2052
1981
1217
11147
3519
1037
1301
206
240
474
250
622
288
1073
1877
2037
2360
882
6520
267
211
220
3737
3553
1744
1066
548
52
1443
735
540
3427
187
3939
390
1355
729
2261
660
2855
1458
5669
1429
1124
518
1521
1290
494
626
184
1852
600
1193
4083
10444
2423
1211
827
734
1552
1689
188
231
374
2398
709
811
331
3165
2659
341
939
386
3288
451
968
1305
346
1611
2672
494
2630
585
735
100
17
206
96
348
506
207
283
1600
188
906
159
6748
2410
2197
367
125
2915
634
1369
695
180
3202
1828
4070
1657
123
591
537
759
2754
398
669
1202
726
5599
4657
1028
361
486
309
1491
858
674
1358
1855
946
2010
1321
3494
263
368
489
1992
3687
2452
1164
6608
3712
391
1720
796
985
2542
159
1212
422
1921
378
1821
823
3501
1728
253
6729
1073
3952
241
1399
552
399
1470
880
3973
109
249
329
3945
973
395
1253
1395
736
712
4230
122
1677
610
1965
4964
1424
401
288
248
1729
330
1314
4402
3510
1912
1348
1528
1105
690
1382
220
497
1613
16
1735
2380
380
3253
315
212
692
2618
2118
352
1324
329
2288
412
2661
106
969
3287
785
497
488
2279
2284
906
159
3736
1533
6152
2289
1024
1659
1104
879
621
866
648
916
1223
639
574
284
923
111
87
3533
750
318
330
2970
753
606
1334
159
2814
2111
1506
7060
967
94
1
488
174
1881
2696
463
912
2405
492
245
6344
9280
219
329
1095
3505
2534
1399
1139
1237
1097
3052
105
94
498
818
4555
644
787
2395
1160
1261
775
763
1422
2469
1137
473
5990
2339
4398
166
203
624
2394
482
284
2109
566
1593
909
354
893
759
1420
1081
1863
168
234
1762
3547
1966
900
1645
511
958
167
4260
3238
549
1323
1446
1804
1519
2207
2712
416
1081
3230
3352
5082
1233
168
676
215
380
6671
4635
2714
249
892
7607
4562
706
4101
859
3426
453
740
112
246
296
262
918
91
149
30
3148
2463
2830
285
3801
505
1554
5808
4363
1915
593
1578
1651
421
699
727
2162
5643
133
5113
2955
849
1451
1116
1500
6422
1963
90
2650
1801
2519
428
388
298
1021
1996
1643
147
2679
6440
388
120
1143
1371
1511
1755
1547
1244
1012
2064
735
2355
164
1385
89
2472
773
862
1662
624
803
2463
1988
1275
2752
1554
238
815
2020
894
1769
754
7536
1538
833
823
208
1002
351
2669
885
546
579
3987
143
1152
379
236
2750
3421
1589
686
240
450
2434
2375
1100
4160
1495
906
1151
262
1060
1063
338
245
142
752
3136
1436
1872
5319
323
789
4675
4042
2976
437
505
448
1612
2805
1417
553
294
636
948
323
883
2148
6553
1573
787
476
1878
2627
2005
344
3753
4512
1569
3383
733
4520
444
536
274
1979
1096
1782
1721
603
778
167
287
130
2198
506
498
1484
2071
4211
933
3347
220
289
4008
4330
1454
1626
111
2404
3978
729
2614
1546
5011
7612
291
1531
6752
2754
617
1311
155
1046
277
3142
619
1532
418
2969
756
1468
750
329
2514
3786
3686
891
865
1230
747
306
397
122
1221
4184
2893
2534
1526
195
4904
345
712
1329
737
1332
1558
998
292
2372
431
2767
1059
645
224
135
848
994
196
435
439
617
8985
331
572
1828
111
479
478
1591
1904
1710
1256
1964
856
187
539
1587
1804
615
1136
3573
1220
291
148
1999
854
3726
2744
1356
1338
1196
263
613
210
175
1255
6134
5950
703
492
3363
240
355
5071
1110
129
1014
1212
5527
206
2416
1633
506
704
7378
6150
768
474
1961
875
1204
150
448
4153
1118
3712
4083
5709
265
832
845
2144
2533
751
495
743
136
846
231
734
114
457
1951
98
1493
291
324
2825
4248
260
212
662
3113
2221
292
1209
1263
682
3446
4163
763
2097
1002
161
295
194
517
4937
4817
2281
1152
286
395
1705
938
818
423
3189
341
238
686
3371
1136
609
166
579
6108
796
902
866
1541
1124
90
2748
1353
2186
1955
286
1129
737
896
831
686
140
2361
248
640
1167
114
470
717
3790
3376
1044
16443
179
1203
546
444
929
365
1951
2475
443
107
5561
2079
806
4855
654
862
750
3154
706
825
888
2097
648
4470
406
760
4241
2642
750
1346
1446
3747
302
66
100
138
316
29
307
1345
151
135
1152
6682
385
5212
1357
6479
1043
979
2118
2606
585
2940
785
1289
695
231
944
1943
359
1435
631
570
3775
204
1773
352
865
1889
144
1654
947
188
4546
2126
786
2862
473
1958
284
458
2458
2255
1154
6087
2001
2131
4386
2878
1451
862
4458
5626
2659
580
2074
3127
1712
1089
768
88
488
5096
362
4304
1917
5957
992
2610
763
4276
2045
711
907
2395
3720
2575
1587
1301
540
1939
249
3090
137
3688
3578
843
201
1382
1
680
253
1464
2878
521
4187
1499
1516
2024
1906
2907
2514
1884
3890
1300
1880
693
1802
765
176
336
198
2226
625
8505
598
1859
574
412
4022
735
2300
179
211
1158
2641
3015
1171
7459
366
762
3249
1748
322
1733
4042
898
443
1942
254
359
1239
1150
1773
2039
1749
87
341
1859
1611
504
2962
4556
1357
311
588
3028
3268
982
1260
209
1315
1123
2264
1469
6418
999
1951
775
2472
361
4859
2112
2521
376
387
592
550
313
189
272
4224
1114
4442
928
462
333
1044
2620
925
317
223
1194
2212
155
249
287
1412
14
1693
393
2036
108
883
4573
514
900
109
2137
1322
2556
2439
835
1353
896
568
117
5369
2431
527
2057
2543
1121
232
1522
1849
5473
1823
3488
1189
407
159
2083
392
863
749
1071
1457
915
2140
1562
381
2596
433
3383
108
562
481
675
279
630
519
1025
2618
1331
1505
341
1483
2026
221
118
399
1639
1842
300
1979
871
3265
864
860
632
2819
481
249
1462
314
192
3153
464
1003
306
4391
2149
810
2149
605
2953
330
149
525
324
456
284
332
9121
2808
235
315
1296
1669
760
847
400
869
162
1115
986
3372
3591
5952
3050
1071
1154
2721
641
794
537
3744
1659
374
272
183
171
2137
253
737
246
1792
535
985
858
4887
446
932
1125
497
1700
532
1281
2066
1357
317
148
2060
814
2896
1000
2830
2658
523
755
733
1067
6387
954
5034
423
748
1211
1017
741
448
722
1097
1539
816
856
2726
3167
2472
4376
1250
629
1283
2966
1614
1912
4568
439
177
516
355
156
1732
1125
3472
283
609
1177
1672
2170
150
569
1130
4855
633
2439
825
1314
626
1612
870
3666
149
2286
1476
855
11795
2707
433
96
5788
724
734
809
3115
1291
1886
785
667
1568
1228
4046
1300
1762
417
2222
2286
789
1340
9589
507
3922
1696
3625
910
2838
1076
1854
222
3514
3277
723
615
2219
2069
6104
3510
1970
3096
1085
3669
2104
852
4498
2560
980
406
188
2882
367
173
1289
1216
100
178
418
3189
88
5558
1408
221
1122
3394
1327
395
431
225
196
609
1264
1270
229
1328
540
1755
2295
8611
1011
310
123
1606
1037
3932
332
2967
