260
46352
1621
1176
8530
2606
2973
4013
6141
794
690
812
3337
6464
693
823
8042
179
5471
264
1223
349
7893
1013
439
492
211
2671
677
937
2987
2652
571
2873
1562
289
11155
3383
1061
4849
574
508
548
1122
561
366
1051
1816
4211
1860
442
1342
792
1976
4635
1874
154
2583
3524
4065
1569
1659
299
624
1685
2321
1979
704
3685
2794
2925
2371
2300
320
2443
1700
896
225
279
1032
244
3762
546
381
1291
5750
4641
1161
1333
4541
5262
2705
1445
896
503
2291
2955
646
3263
372
2409
461
7062
3069
441
1349
4794
4458
555
1865
643
5765
3582
1635
1538
615
604
1230
450
5341
468
1738
3047
1095
8423
906
410
1004
1134
4271
5229
295
4787
3225
2826
779
140
79
545
86
3143
1120
1047
6278
527
11692
1949
5562
4461
2263
2333
4475
2631
3289
4867
615
565
691
567
5480
1816
1127
746
1511
1737
1298
724
1986
2693
488
1522
2420
210
3213
182
180
1384
1432
1420
1937
2855
8805
3096
1805
181
1267
3405
406
662
860
2747
1322
1413
3824
2282
6753
591
203
1377
1946
2305
2695
867
437
2007
6088
1281
769
1761
1778
1265
7209
2914
2617
736
1647
2297
242
1649
3565
10029
4988
1378
215
1654
1296
304
2033
2916
979
2394
12089
1174
5525
3252
583
643
1271
701
2141
3965
9135
1395
4874
1395
2208
4980
210
7549
1005
187
331
3124
184
334
1739
260
2873
1988
720
1618
11931
5772
3803
2294
675
544
6397
6656
805
3923
4217
1557
1229
1002
531
863
563
2071
3635
927
6627
1427
1712
1963
4395
450
3120
1714
391
405
2795
1545
1333
1927
5154
606
8876
11704
5044
1788
3862
446
1352
6657
361
1045
12139
3482
5164
1280
1805
1019
530
577
3981
1665
5613
619
627
1745
4350
1219
1075
6570
1427
10599
1356
5173
3086
306
3809
750
2145
256
3873
556
1391
1712
1633
2331
288
7102
584
662
726
586
2064
1933
3322
2172
1134
2311
1755
3487
2001
373
1717
4182
1772
3489
9443
1275
3848
286
952
1802
2311
1240
2762
2438
1688
2337
2092
1301
879
2664
4526
1997
994
1116
2381
4310
2015
707
586
4697
543
2187
4081
2804
7684
993
2040
301
4693
5315
4352
1816
1679
930
453
1004
3249
3109
497
1189
6726
2884
3079
618
8305
4106
2973
285
468
2772
753
2064
769
444
4582
432
4320
656
1065
1351
1275
642
386
1181
214
591
6524
9746
3666
291
353
234
5089
505
6783
4372
2966
4048
766
2757
4209
1154
4512
1552
240
648
4600
4223
2607
675
1028
1640
1482
1505
585
11124
1586
3733
636
1152
11897
3890
1565
303
1213
2945
380
601
221
1131
6573
425
1377
1437
4026
3188
1607
1496
268
766
770
488
3042
1379
2217
2824
1908
660
3593
1510
918
2852
338
2793
1985
1292
323
2514
805
310
590
2517
830
1274
1979
8004
3675
346
1024
1799
2127
779
1408
3808
841
1341
784
1707
6593
1363
2126
4953
2225
1674
1755
1026
1102
1818
6437
2823
2657
266
395
2764
2512
2056
2759
9934
278
726
811
297
9686
2028
346
355
3214
846
2360
585
2087
5658
1391
8275
3625
530
2896
786
1568
5225
1547
259
1833
1183
1890
2354
202
636
8558
716
3866
2917
3639
395
696
1516
3435
4283
7776
567
449
2564
3971
187
5893
9945
2129
4040
2878
881
408
7407
1007
1787
1286
1243
441
5696
5682
737
2356
3739
5283
10330
934
3357
3074
2504
502
2191
917
921
1515
317
193
3258
958
1071
5361
1501
1332
1390
1529
2429
3475
1017
851
5873
871
822
5005
525
2717
3082
6890
4992
2042
2594
9967
1388
1232
3061
1754
337
2916
437
2747
765
4067
3803
2245
2967
3368
2859
611
254
3071
2075
1125
920
655
1440
2820
2067
1031
2890
1392
3630
209
2857
557
347
1937
891
1773
5463
733
916
616
2192
1950
6968
1765
365
344
227
1546
13146
648
3955
5346
4110
4770
3965
518
914
3786
5901
3909
512
8576
1641
1510
4117
1187
1056
632
465
668
2932
9074
3931
4925
903
1265
3462
1084
3239
10226
1059
643
195
1024
1771
4339
404
1506
642
4976
189
327
483
1405
4225
210
4981
2058
282
2293
1979
3473
2372
351
439
556
1194
4112
10809
1220
1238
544
1129
668
340
613
4566
1042
3338
779
2674
387
2284
658
7557
1135
1883
2341
2261
1215
1507
8534
2231
5554
4225
4451
729
3008
6056
2245
5329
8768
2009
276
5186
884
2516
2148
3356
2219
2633
1559
2273
7006
2141
355
2676
1025
276
6041
987
1155
883
914
842
6429
1387
5112
808
1968
2059
2604
787
1162
4306
1808
753
356
3759
413
1173
994
1080
1884
508
1993
629
2397
540
4404
2106
762
6962
1220
1115
1890
3235
5217
2114
1164
5946
579
304
753
1199
329
4178
4431
5161
1648
3027
1302
3051
359
1300
5342
333
9584
11043
2624
4785
7269
1518
2213
1685
5843
404
994
760
3509
6461
3524
545
2622
800
1367
691
3250
204
1919
3769
6904
1960
10795
2186
541
564
4771
3006
797
9926
6708
1105
1431
1170
619
951
524
1889
2338
3246
330
1940
2960
556
2826
2322
2227
4282
852
3449
397
2103
1091
399
1876
738
2253
4503
10526
2761
2466
1891
629
1739
5306
4098
1627
856
1659
2597
3839
4857
154
1167
287
364
421
3008
2510
178
759
4006
2004
1069
1759
374
4522
4427
8834
794
528
355
1415
417
2102
348
7395
1826
2899
4009
3733
3932
1746
5067
611
1702
2694
3737
556
1277
977
1710
363
2626
106
6938
1407
8625
7027
1148
1172
3122
549
2034
476
1228
10041
1959
1655
830
3475
5442
1194
1268
7438
5726
445
865
1980
862
1834
2474
1849
956
1391
2300
222
3923
296
5682
1997
1459
1830
2062
7258
902
776
428
2338
321
403
577
185
16868
1083
1536
1396
2202
1396
1505
854
2649
1994
333
1553
1084
4334
1445
1532
2377
1608
862
1185
2213
1689
1384
296
759
3186
3661
9644
1062
1249
6251
1032
3295
2177
20887
2173
4037
1468
434
9026
972
1981
1891
1443
1241
818
3042
311
2170
219
1412
5610
1701
317
396
3960
299
2675
8251
2312
4392
1719
2445
684
4267
9868
4233
2383
3280
4176
6681
398
1527
5215
1031
6885
568
266
305
592
1312
1797
9172
3740
4301
2730
807
2183
2882
223
886
702
633
1092
4959
8070
979
2854
3291
517
3843
2194
978
654
1508
256
339
682
4548
1197
2509
297
3309
1927
867
195
5493
923
139
149
128
444
332
7756
357
1448
5192
5769
3762
5372
1899
4670
480
739
1208
654
6215
1753
4231
887
1367
1443
3834
3761
1657
301
2115
4988
428
6025
2697
1413
577
647
209
2138
4583
2467
1312
1009
1774
6130
1796
730
967
1037
4277
539
2945
993
6015
319
784
1886
6315
1539
1854
6487
4412
4701
1850
325
452
1591
354
1144
2107
848
656
4122
2935
346
845
645
3000
1424
792
6302
6967
1853
1049
4882
9404
2051
460
2850
2704
12168
6482
1144
640
1337
3518
2396
657
559
1444
5349
4659
429
315
424
2618
377
608
434
987
610
189
329
2759
689
987
2955
1489
2114
5057
522
619
503
6904
936
212
2206
1299
3017
4379
1264
7978
5213
1893
2752
2302
7680
825
3676
844
15730
3701
5377
1340
2709
3046
844
684
568
2912
1593
4818
664
1222
3415
2582
769
8665
646
1696
858
3873
2663
291
1590
2512
536
14803
8646
523
303
1910
501
2223
792
2592
1509
12669
5159
885
11289
10483
3240
2614
1545
2315
1527
2560
5084
437
2177
1715
3298
732
2301
2373
3783
480
818
1477
212
2232
439
1890
1012
3375
3907
364
3367
1426
445
2313
2692
1787
3892
488
2829
1952
294
1852
265
8842
4614
1312
1825
215
1420
943
963
1212
428
2364
4712
2426
229
217
209
7626
352
1004
1593
1333
270
3706
1585
3113
2602
1084
3687
7070
527
1758
6186
780
2951
482
422
774
611
3176
711
283
2655
8657
236
935
8072
4510
462
251
351
1316
1315
2031
9853
590
758
760
4094
1299
300
535
1583
213
3774
3301
525
8420
835
985
4927
1162
1982
486
2775
258
938
858
1190
5037
284
1172
6346
1564
2721
5470
8051
1337
2520
3289
3121
2422
2209
761
1497
4136
3714
3394
362
839
467
1599
960
3326
4688
942
439
3770
3343
568
4091
2536
2099
289
880
551
10035
3979
3941
12519
288
830
237
376
308
5995
3618
555
349
4868
1384
505
2458
2103
7716
1382
3119
230
2131
5539
551
5066
1256
2769
203
1034
11957
559
256
1072
1944
1461
3941
360
982
972
1919
3578
258
1339
834
10311
6616
837
1407
184
806
2724
1813
6312
5708
2213
1611
538
824
5863
4082
969
1364
292
1275
768
896
963
449
11043
454
1354
2139
3990
569
6111
780
740
822
1252
3701
4334
1487
1049
404
10333
2023
448
7749
2119
380
359
1367
1307
623
1115
945
1640
3693
9537
1412
244
8097
1013
1918
660
4185
1513
1840
2023
4996
1787
3822
888
1927
268
5689
224
481
1737
1893
84
1359
79
2404
289
1984
1961
479
3439
6213
1254
1219
596
1498
3737
1041
2641
2205
699
1421
714
698
3884
6746
1062
3019
4764
8295
1873
1834
717
1658
182
6862
2078
2218
4350
6080
744
1564
1362
8528
1261
664
603
2114
5482
3403
978
221
8512
6742
2555
740
654
583
596
2607
2481
862
4889
1289
3865
1667
284
2700
1392
816
592
5326
2521
1535
430
1044
2280
41
2451
697
1533
1533
443
729
5001
304
1265
197
9403
2742
302
456
567
2261
870
667
4641
7387
1587
707
4708
3590
974
3851
825
3892
1419
2283
778
389
1077
765
2034
2372
645
209
418
505
1195
1715
3705
483
615
366
2368
1262
5954
1438
4505
2961
1733
1010
2423
2978
322
5509
4725
1719
7094
1098
372
267
4940
702
2645
1670
2042
380
2012
3832
338
826
357
4313
2686
269
365
2672
965
1680
6643
283
1418
201
3330
3144
889
1823
1958
3346
486
4329
364
1596
1237
1043
2075
877
229
3714
651
1695
692
9671
376
526
457
203
588
1392
1012
2687
209
2011
482
188
1208
616
2707
2219
520
7635
313
4622
3414
259
873
2145
4887
2868
691
4108
1215
600
1477
3149
680
272
3486
804
1963
1961
3568
3927
739
8357
5060
2418
1137
2355
2412
8284
3842
1052
603
2070
5452
1155
722
943
849
640
5188
913
345
5599
1987
953
471
360
2570
2508
2518
534
1856
1319
851
3311
5163
2461
1824
344
246
2487
8045
1584
1732
4538
1604
1880
318
1568
7110
327
2720
570
649
4102
1849
497
2396
1515
1284
1098
3954
1166
5283
843
1056
1859
3691
497
876
5562
528
4226
5092
1667
857
3382
631
566
9572
521
1781
8105
491
4563
393
897
7512
3078
269
682
939
2361
3088
902
4136
882
106
664
8703
819
613
3318
968
734
4507
1196
5433
1011
721
2666
4805
8060
835
1209
6970
5011
211
3426
981
1041
3297
230
884
239
2381
1194
9815
1008
1025
2079
217
828
212
1297
2861
673
2357
5801
540
4060
3130
6202
782
5868
862
2009
10383
1119
4765
3231
539
3568
1650
1140
5483
866
2046
6534
9290
2303
13130
1923
2228
691
2269
5784
336
3384
4470
563
5721
367
370
2478
5101
4543
1279
2594
756
293
397
775
11300
1424
702
7065
1333
865
1929
4521
1588
984
827
2653
1008
1500
8590
6144
202
4315
5771
3816
5113
856
1597
2537
1737
8407
811
2365
3770
1786
2362
4213
699
262
606
5807
197
2312
550
2054
286
1666
1517
4216
2064
2183
401
336
343
415
653
6601
1191
11851
7013
2733
328
336
723
760
8235
7160
6028
3075
341
4168
3702
1389
2798
252
851
2646
1820
1579
383
848
2769
264
7808
1153
2000
3833
205
1042
2713
3619
1795
1567
8730
5248
1490
369
546
950
8552
2625
3169
1707
483
182
3601
464
5080
1210
757
651
3791
942
1217
2125
3998
646
1640
7380
2949
5605
1600
557
2541
361
5918
582
4328
2313
5132
543
857
10541
863
571
6181
6311
2487
1588
923
1020
911
524
918
971
8832
2841
1759
1629
1589
594
7591
1096
1224
526
263
1983
5160
4484
4021
406
4892
4504
3734
2262
2169
1369
2258
5336
241
809
6165
6461
1097
1688
644
620
1094
2557
3767
7210
2353
490
1664
1439
1865
5399
1725
597
563
2346
2395
2299
6742
1458
416
212
1957
952
3066
2410
9796
2196
5784
754
913
1379
1389
539
485
2663
4600
2085
834
6227
1796
2805
1776
3725
4236
4638
5471
10774
2646
383
329
2380
715
908
4662
949
482
665
709
4619
1143
244
667
861
1918
8085
500
1969
663
985
646
225
4353
3923
2217
764
6109
1955
2980
565
631
862
1129
4624
2791
292
546
1159
5649
9430
276
2205
1145
4031
4583
3558
2609
301
3634
1085
1184
4117
776
1026
1558
2227
673
436
1920
623
1707
240
753
2240
5642
3020
284
920
2221
1965
5661
4994
1523
2954
1523
1963
308
582
1459
7638
2591
3350
1483
1373
396
663
2310
650
1158
1879
5482
298
3645
3260
1182
4561
1980
2865
228
50
1809
2161
1938
3078
1250
1442
316
2717
2311
2830
1643
2069
575
3718
1590
878
245
5467
1148
1661
7686
3913
2203
2464
2604
8495
3825
5647
1342
3245
2112
1932
1088
575
79
2218
1820
459
520
675
480
6526
428
2125
1383
331
208
759
3036
1708
1593
4807
6904
3088
1530
5957
4030
2292
898
6544
903
2139
1202
1238
1543
260
886
2731
1844
971
10986
819
543
22
4062
382
761
1494
4261
2649
4640
5247
4960
3882
244
788
606
200
207
1940
8982
4163
9405
661
241
2388
9268
1590
4149
6783
2755
1287
2989
641
6388
4265
804
2286
3605
3228
979
1681
5537
3934
12370
3071
5266
5065
2392
260
1767
739
915
979
1621
762
690
1364
4626
562
5731
1653
1027
2702
635
572
191
506
476
4093
4531
1559
790
2560
1131
205
1330
663
4680
3987
6942
6699
3510
2360
3003
5217
4530
294
331
1408
7029
730
2598
2021
1444
2253
2151
530
410
4406
1792
11149
945
1593
1128
4616
1366
5481
2925
4151
1366
10885
2013
1486
3736
972
10438
9546
1178
2976
939
2381
3991
10322
741
478
2327
240
741
1475
838
5576
434
527
4347
2359
2128
1223
8054
1192
2849
5931
1485
673
4637
1906
1389
1126
7240
3437
1197
6549
410
480
3085
341
3779
2214
660
4536
651
332
1283
2042
1570
2219
1739
1379
1521
3446
630
1447
5289
394
6779
445
1363
4166
4868
3958
831
903
1288
1099
462
1493
994
2269
2324
7065
949
2787
1065
1118
2251
862
1529
4741
9778
2337
3113
1008
1149
2954
2130
839
423
1827
2508
795
1218
6696
901
1203
404
6304
2607
4893
1821
1306
1439
5471
382
5397
222
1652
5700
2828
241
413
257
7585
562
181
788
1026
486
2378
366
882
2947
6569
1324
939
663
12124
4616
2524
1489
2752
1936
6597
2169
1240
1606
218
6770
297
658
5337
688
3138
1397
333
1570
8038
1364
4262
941
3217
1210
795
1074
7423
3640
1629
2054
10284
4913
325
3022
242
2063
368
2520
248
446
740
1455
7370
3480
2983
1471
1630
5617
979
3415
4330
765
1256
2763
1617
4383
1163
15737
551
1491
984
533
469
9165
1519
863
2513
2720
421
1442
4344
1006
5624
4095
3554
7146
3091
2049
676
3660
1293
1355
1285
2127
606
2292
9824
5413
3409
2285
