46207
222
1249
2166
1510
1125
3870
3107
1380
1557
2439
131
5611
379
1456
970
646
1395
2076
463
2767
3462
1380
1165
1656
866
616
340
978
2291
2063
3757
700
3264
280
4416
523
6198
1608
3709
4644
963
7950
2181
3818
4692
952
990
1775
388
1381
658
1441
505
460
2284
281
834
1483
341
442
939
2504
1274
9210
421
1264
591
2995
998
815
7438
870
1392
1134
1372
549
332
2631
660
328
1529
267
473
2457
1769
1739
147
314
2256
1496
2766
116
1384
6939
1058
367
660
2144
884
6024
1894
353
253
3223
913
808
740
1084
1709
1541
4720
981
1112
299
727
269
2974
1422
211
1007
405
2701
14
247
621
1630
971
577
942
716
1289
531
187
3043
711
1939
1462
804
900
1035
787
461
4043
931
3561
2774
1304
1248
280
1082
1596
2941
207
717
4979
3862
770
1640
5745
495
2200
6530
641
2608
328
549
663
758
564
2917
431
753
189
190
196
462
1669
352
902
2032
1631
1374
367
956
769
253
902
4143
2708
658
367
4112
1462
446
585
1433
792
1030
1517
430
1707
826
1559
2241
879
415
7089
500
2357
354
6129
1227
819
2186
6889
3649
1534
1451
739
3442
807
2020
2913
956
120
2294
2846
181
654
219
234
1631
1588
835
115
1334
177
69
695
363
760
1803
1388
216
320
253
1526
3661
2035
2418
363
513
3432
1093
247
323
2146
1340
1986
2949
3663
483
1578
128
3350
291
274
6770
1845
1989
876
1470
4084
3639
480
884
3082
1001
3961
2086
191
293
119
1917
142
199
1517
672
1974
1078
2480
1196
1231
218
120
392
740
992
57
499
1160
288
667
1017
2078
1462
766
1699
1482
600
650
1078
269
880
4078
255
687
1864
1104
4603
3199
690
1688
4298
11047
1259
1500
124
656
435
327
8763
1205
449
3597
3358
1018
2013
2659
1335
2454
1676
1591
2295
68
238
343
615
208
149
526
1341
661
2377
160
1664
2687
1958
433
775
794
604
1594
1674
129
5973
1247
429
915
1758
947
1820
488
1519
109
2991
1214
1560
1169
4158
3689
1554
636
161
889
3580
524
1225
1172
3809
746
169
2080
2192
583
1339
1881
2298
1953
478
1514
1031
277
1287
4019
271
66
456
1648
722
1721
935
2670
205
4135
1254
668
266
1063
1106
685
649
4147
1590
1300
2184
127
384
2404
4243
4583
9654
204
608
1420
2030
2102
2103
688
3785
537
804
1795
843
171
2915
2314
1567
1564
1690
338
510
1120
3741
2065
2805
524
519
297
643
212
240
227
2163
795
1800
2242
1237
233
2148
3906
163
381
537
2404
1224
565
3711
1698
1853
1127
506
634
230
231
342
891
1662
2768
821
556
219
936
373
470
1458
4320
165
356
740
524
210
4424
5462
103
1094
1250
737
102
2643
323
770
321
3877
3265
2521
254
1027
923
3097
862
2091
110
1276
427
2263
661
404
1043
313
2593
1017
152
5192
3847
1935
745
119
645
503
394
1604
1044
7133
985
714
124
4295
4151
5068
776
3059
1846
2262
257
850
418
395
2154
1429
1963
1202
141
841
891
1017
1947
1642
280
1749
1948
1705
1753
211
122
833
1975
1688
754
1987
1887
158
848
1358
432
280
1268
176
413
1813
1091
434
1539
510
1122
1601
814
3696
2061
2114
294
1059
808
1630
626
321
716
833
1077
174
6979
696
1884
835
745
6702
1940
446
464
3273
3271
603
153
152
546
1772
2277
2362
3135
201
518
5061
1506
116
1341
385
514
763
578
300
945
284
1959
2002
278
487
1354
217
741
1352
513
774
2155
2771
3781
899
2188
544
764
483
155
1237
363
109
4298
3507
4137
514
1728
569
367
504
2409
281
4846
763
4977
2590
647
2257
913
1231
139
2585
8189
737
1015
485
1123
1684
524
1860
1093
478
806
358
2314
2464
1981
4660
101
137
24
1241
798
218
461
1362
2156
763
2491
352
1274
1987
1167
683
3754
784
1074
2559
1093
1320
3952
106
976
317
1723
560
1446
580
341
1444
2359
1663
9663
1628
2124
898
1413
2595
482
709
2328
789
581
146
2527
1936
271
692
3184
611
4066
3307
1208
1301
846
408
379
567
479
892
529
643
281
1589
168
703
3507
1000
2300
1366
1806
659
4190
419
193
1685
575
407
3139
1954
5501
1360
1466
931
1452
477
350
254
923
396
4110
303
233
1783
2078
666
282
310
798
486
1870
714
229
1379
3324
524
5763
393
325
731
216
953
707
1328
582
145
4767
172
5174
5211
1463
306
1001
798
714
1574
3557
1275
203
146
787
1321
2285
706
800
527
2084
427
657
1910
3693
490
1136
558
228
209
304
1804
987
799
771
2508
431
2020
1402
5226
413
685
756
1864
4425
710
2222
842
929
303
165
752
1709
1389
1030
2179
2542
2045
6067
337
371
1640
1200
6272
123
1175
455
274
217
2588
1338
1803
672
1418
6301
3177
1081
448
673
1837
121
537
765
1930
264
912
481
1657
1957
3712
3248
231
5955
2906
1916
214
1821
2324
1080
939
183
2383
1226
500
1029
298
354
254
1075
652
233
2290
190
1213
3703
1970
868
2650
5107
2297
136
727
1163
1210
335
384
360
4031
823
3727
4683
2628
2630
2675
1889
2177
1367
144
3252
804
378
576
554
3851
329
189
1303
5329
202
1016
2540
555
1849
1884
632
255
625
3160
1371
2033
686
476
753
3140
1621
2018
1538
1657
1695
2267
1669
351
4595
1508
129
582
871
917
697
2116
1036
248
389
2228
6237
1621
1659
3644
1099
1646
252
518
960
974
3192
3822
687
403
1957
296
122
946
2044
3860
236
1777
1133
253
491
740
1911
812
231
3062
6150
4415
1149
123
3042
836
1898
3771
3569
1079
1111
2067
26
714
168
460
370
2180
2116
1235
2418
368
2213
498
1626
2299
5413
4161
938
2782
661
3765
3651
1829
384
139
122
903
5543
1016
580
2347
1196
944
216
733
229
1243
2727
126
3362
841
1152
1268
2576
2393
871
4449
3802
1464
959
385
1529
1089
521
197
434
482
1695
534
444
2161
4510
1243
1530
1686
1600
3740
1389
2688
1421
4100
450
125
1944
354
291
390
3540
206
1064
2136
3066
5276
145
275
457
666
2209
4256
1627
4191
592
2105
5494
502
945
3520
630
2874
589
113
8955
5
315
801
86
658
362
1727
426
107
3175
2510
720
1720
2837
857
1427
2935
350
1813
8553
1832
109
3786
2220
227
416
1444
6879
262
1496
1187
396
1093
3419
1731
1004
1359
1507
567
2504
536
1715
827
1310
4938
1082
756
1995
427
4942
297
883
672
86
251
556
182
214
290
826
125
372
2923
5733
599
1802
3178
3433
780
3927
654
254
496
1132
312
2208
1431
106
2238
3265
193
1188
702
410
3787
1577
804
380
3923
198
136
1024
619
234
443
3937
4896
359
2520
252
2498
1275
674
233
551
1408
260
4416
3207
269
1020
108
662
1344
897
4007
699
473
152
1272
186
759
512
135
740
189
142
341
334
292
3558
770
990
1548
1095
3026
1192
4494
446
1049
103
677
593
263
1684
278
196
163
3625
721
210
973
1710
104
1011
726
141
900
992
2231
2525
4921
232
2748
1884
1073
1413
1307
2978
607
2920
764
6378
1677
773
2038
414
354
1439
163
412
1302
1042
1652
1107
385
2243
1723
523
127
242
886
789
396
453
3042
692
1106
464
2603
2730
410
3010
1232
1420
529
2091
196
560
1419
659
162
2767
693
2790
4182
357
330
1376
432
2138
123
7078
1965
1083
165
1842
1941
915
387
3041
374
1632
2386
2238
800
225
420
533
3266
1354
1147
1777
2689
731
2616
1117
1194
275
437
1017
556
1376
1017
289
131
2141
351
1167
4946
2358
1731
1526
3779
152
2078
146
338
6160
150
1729
494
1147
812
158
563
1368
2810
488
1012
7651
6161
2338
397
1768
222
609
2456
1853
815
278
132
783
1539
386
213
1079
761
440
2487
470
8259
1319
1634
1073
1830
1023
1607
1538
1635
1198
1340
4749
855
185
1040
589
126
912
493
1948
901
2318
635
701
2006
139
164
2269
726
206
203
294
289
2967
1234
204
2066
4597
483
476
297
6204
1155
672
2209
509
1212
1292
140
2191
941
815
1359
151
554
418
258
2486
1803
1053
1201
2278
1859
1967
1417
9456
1070
397
120
374
2814
249
1813
1566
4138
2214
2083
217
1607
156
842
886
367
4154
2672
343
2359
6022
1230
957
648
1789
1306
628
5013
376
675
221
2944
3511
181
2838
1740
5447
295
121
798
647
2187
387
658
2805
578
296
565
2115
1455
869
511
2376
255
603
1836
3281
2526
203
713
796
321
2368
1052
246
380
117
580
105
183
221
2348
725
2882
693
477
1870
774
761
592
198
290
376
3421
956
2138
1036
1806
2796
453
1578
1207
1487
328
6895
1804
782
387
1197
443
1187
2939
4277
908
133
923
3269
150
153
660
2137
414
496
1897
986
6178
654
796
881
126
1387
4083
1218
1588
132
846
572
1482
449
895
463
1091
350
1001
214
459
267
314
606
2772
4557
1613
998
1745
231
2528
1985
2006
1093
574
943
120
661
2987
514
462
419
253
445
1245
340
654
7050
4123
949
612
2951
2172
6449
1064
3818
898
3041
3052
584
701
1244
798
1525
2177
373
1568
973
1987
451
2511
363
1340
364
1352
415
741
1546
1730
689
1173
2274
2614
1016
1528
2049
742
490
917
10764
2042
165
442
8993
964
1675
3225
1521
395
2926
166
324
945
1989
490
185
1284
246
197
1690
640
3466
681
192
307
488
2061
112
3194
230
1084
720
3513
1379
257
1506
14
751
329
1188
272
110
210
5143
1127
2504
715
826
5314
422
1271
911
632
2256
834
1666
1735
430
294
2320
1103
244
401
2337
256
2000
187
7420
406
1999
3758
1372
780
451
3863
1529
4559
770
448
1456
1575
5760
1117
118
3836
1529
262
4272
674
633
2331
5745
285
2671
888
1073
1915
1625
2382
285
1715
1583
858
2496
1944
506
453
2268
3181
213
1317
3341
11758
1234
128
184
1706
1344
2996
1071
2272
1379
608
1205
949
7992
266
841
1325
661
1888
3999
206
578
597
71
316
998
392
1023
456
1246
638
1769
1628
1448
1013
185
1851
773
1022
3690
189
1069
478
9633
131
1070
680
1491
2376
481
3616
1007
1372
581
5565
1019
473
2034
1217
5926
2289
2434
3500
4415
1945
367
2157
4019
332
1232
1047
2365
1843
1295
406
2072
1983
1037
2340
1243
797
370
734
2914
265
1219
975
326
337
396
1397
552
501
1230
1772
381
1782
2629
3580
234
161
2227
1577
299
3766
514
6655
170
1040
202
1130
713
915
1745
1980
1921
649
845
1537
1633
142
1321
4881
5005
2041
974
2554
1290
126
2044
2017
893
960
1444
758
2641
3004
2613
229
260
149
234
182
1484
2432
858
530
2708
4476
1347
4780
837
3495
1521
1545
152
125
1745
967
199
5655
406
1208
441
2837
932
1609
184
216
1046
187
412
2798
1972
578
720
361
2987
2833
744
4226
2263
1295
3818
3451
3460
671
4715
1024
4143
1025
318
1802
6912
884
4491
830
2296
377
4438
1477
1258
294
2161
1782
4507
1065
2024
787
2154
2156
1512
978
792
442
961
1931
2128
384
2631
1408
1132
126
669
1669
8268
1214
282
279
1298
301
111
191
4866
838
259
45
219
539
1031
1937
119
4930
586
543
688
536
1008
390
740
1261
2028
527
2117
1927
2761
2391
1926
2067
953
1167
1356
1738
1316
400
254
194
917
479
4693
2530
139
206
792
606
1098
183
1689
5183
385
1054
1387
1173
4856
128
105
2087
367
2310
209
3073
1539
280
3406
680
3867
311
2321
575
5960
2353
202
1935
5185
1392
4599
957
740
3819
3131
1998
189
774
1341
339
132
1734
1155
1432
5566
4474
630
2703
851
3519
148
2591
412
677
1440
509
714
1045
925
855
824
3968
1847
1327
569
292
240
705
1389
2482
4267
116
257
652
263
2705
564
1788
1303
428
481
1487
313
2283
233
1018
4367
3570
2162
693
1522
828
846
788
2424
420
1707
3517
3417
1521
3952
596
923
1005
1364
604
537
989
120
858
222
2203
941
430
570
1918
587
793
490
755
612
2297
673
317
448
2532
5592
2906
575
573
2007
1985
1899
2614
516
556
433
527
240
1192
650
2272
426
682
1223
253
552
587
132
127
760
3656
2213
832
1335
245
746
2705
515
496
2314
1503
571
2156
1722
1290
1573
147
222
1164
1269
722
420
2429
5983
1806
3294
2256
4042
2788
907
215
179
555
1108
3942
748
309
258
2571
1885
1670
226
808
3827
2338
2576
265
2392
1008
291
793
2828
1689
755
424
114
2687
647
3359
3617
196
2778
1780
2321
2542
1983
1354
4520
140
3293
446
6243
1885
443
290
346
345
2932
3149
1073
1148
2336
1227
5684
358
1706
817
556
650
545
383
2237
177
2685
1049
836
1816
1524
536
447
977
182
1036
580
605
112
2700
610
1622
2132
1123
1301
509
896
939
1894
112
899
2020
373
3523
819
368
1506
287
2683
434
2346
4439
966
167
2475
1469
4993
710
369
191
330
4610
567
771
666
1399
964
770
3230
3332
1919
265
1010
2065
2561
1380
666
444
2490
900
4992
3046
680
520
824
1749
1518
1383
736
2469
1655
2604
2813
2465
334
1528
384
1185
2358
721
247
1255
797
534
404
1745
162
278
2948
2229
14785
1171
478
686
1581
11348
882
1731
290
5068
3766
1456
953
2512
2303
1249
182
652
27
1075
682
394
921
388
7361
528
1855
1730
2236
947
488
5243
2735
1889
220
3967
643
642
1222
4635
668
603
4214
661
901
266
2206
2758
2866
607
1327
421
873
1255
3390
284
1708
225
1189
4843
688
1795
1193
186
2725
777
1755
235
591
1844
2732
201
374
247
2031
1308
1203
736
205
518
1124
168
2743
3350
848
1397
714
873
2155
490
577
1468
136
313
2351
1582
2443
627
1157
873
2804
392
4174
931
370
5569
1154
2569
122
330
1099
896
1257
1397
808
845
1119
1028
796
1447
286
1849
714
1386
293
1148
229
431
1639
1935
6952
125
560
989
739
144
1087
1568
2236
970
830
115
550
146
591
681
427
949
580
2509
950
509
455
179
366
3139
1219
2381
358
975
636
1308
5113
3371
172
509
282
748
2328
139
874
2765
159
3410
6718
160
431
1379
658
701
6261
4408
1797
1259
1130
699
2077
1640
1865
597
677
1147
2665
1186
7630
639
389
782
136
308
548
104
32
166
474
177
247
2885
1900
3475
1522
1539
1330
132
2599
836
6738
452
1268
2233
241
469
1748
1784
1207
3292
9532
280
2052
2460
3334
2872
2823
220
330
1222
738
2236
580
183
1581
927
331
3309
541
135
184
256
1355
1737
358
667
3360
242
1618
1872
763
1131
113
129
200
2091
883
823
2649
266
2157
861
452
829
257
408
798
182
302
386
743
262
308
924
559
124
671
385
1871
3682
326
434
1108
134
1106
292
1396
566
515
1279
2140
1235
629
2252
813
3316
4772
233
4318
1227
3333
407
7770
6596
4506
1623
657
1643
572
113
2150
515
1770
1417
190
30
320
1323
189
1601
149
467
3525
1709
422
723
9340
1107
1373
618
6700
885
2875
996
4409
446
19781
262
119
4025
342
2557
4297
1664
366
442
2055
4018
1139
1349
685
752
2312
585
426
76
4599
1699
2533
2921
329
1292
104
959
1291
2721
1488
242
825
276
2851
4862
992
140
766
1460
694
656
5501
401
356
638
247
7691
107
1255
541
1798
883
816
748
232
3835
2030
2639
779
1511
3358
3744
580
225
423
1376
1717
4641
713
177
311
664
383
1788
245
1696
269
380
868
738
575
294
3844
339
720
1801
1361
183
1433
3641
1983
839
1114
2461
1910
155
1153
1414
10209
1180
1378
662
125
393
3785
1978
1103
1046
2453
150
3293
820
565
957
2392
1574
6967
2097
1290
130
134
1049
1681
1074
2273
1114
367
2986
1549
128
1066
311
2185
90
1799
3085
516
435
6119
365
782
740
823
1948
4364
863
2094
1426
175
958
1228
795
3845
410
1494
448
1704
1555
557
5496
157
361
1225
829
145
2359
2989
381
2410
710
3310
595
1431
431
2180
794
224
973
190
3608
276
245
1273
840
419
3146
257
449
1380
4319
966
431
1739
1676
401
2072
752
761
224
4692
727
3350
1082
386
1814
292
1800
4608
5569
3257
385
322
3962
6946
819
2862
967
424
852
753
496
885
983
464
1314
954
940
310
3475
104
1886
887
723
3911
2443
218
395
2192
4465
2175
3932
225
1046
146
332
2007
561
990
127
112
1970
449
949
1357
1187
1262
430
2916
321
2688
246
1741
1884
438
1884
3695
4156
1690
250
113
1826
2101
1941
5779
112
509
504
916
1419
4676
1277
2445
1544
2918
10005
206
222
1996
2733
227
868
2016
1454
4808
30
576
628
2554
1519
4464
914
1082
936
196
1345
147
792
636
2725
216
871
3608
202
936
5747
2297
230
546
2330
327
456
4247
635
4091
1105
1741
4663
123
980
3253
1197
714
751
1000
1533
3566
1234
193
992
483
2017
1485
2209
199
1525
115
2416
1751
1240
793
1499
882
2564
2072
1287
3309
792
188
494
957
5121
3146
2646
627
406
1963
418
4617
285
2777
1618
169
483
1485
3339
12506
2032
2794
2711
586
830
1114
331
2849
4664
578
1002
1083
3017
1006
579
1546
2235
2139
388
810
225
129
318
221
106
837
98
829
171
177
226
707
703
361
461
112
1253
3642
509
142
1608
193
1459
2176
2176
298
4834
925
1486
1305
1110
870
1596
505
2390
999
391
226
947
665
536
2043
7835
1131
822
2279
1646
958
5908
1913
1992
4704
376
885
2587
858
200
1132
797
1339
3734
2541
4517
951
821
630
1705
2003
438
156
1034
1114
2775
7088
1355
3562
1054
619
2612
775
2443
2604
1698
2292
3090
5281
772
2323
236
516
120
890
2095
1341
2099
1191
5944
254
2235
2406
1819
1265
1047
1451
955
1562
1862
1253
329
1065
2253
467
573
1858
474
177
1593
274
11
681
3067
2368
1550
1110
1897
262
426
1365
950
4711
313
301
577
933
2105
3964
202
4011
1230
3755
949
779
1193
4816
5959
1512
1008
3792
112
1684
1086
356
2080
758
677
1994
363
352
141
160
1602
935
1665
2215
3506
156
911
2657
3863
218
1772
373
1352
2084
650
6472
3847
5179
1143
2371
110
1339
542
1244
3330
3883
432
746
801
10318
1095
1680
745
300
2286
7067
1216
1548
2182
334
532
1474
267
1931
1485
481
1944
1217
10699
114
260
173
1164
248
1194
918
798
774
2512
617
1283
133
2951
815
660
3148
2492
1132
513
550
311
366
404
2289
655
142
1174
588
530
353
616
561
1020
579
844
912
885
1104
431
1249
969
582
710
281
446
1549
4872
2441
1154
183
967
3092
1869
715
1638
1309
630
3953
9146
3684
3692
1618
1898
1685
2189
1008
959
2000
300
1793
372
3637
1598
365
420
730
1871
1178
3925
129
2097
1817
927
407
1292
582
2559
949
293
993
208
342
202
4857
1087
6046
174
5024
509
1535
1247
1396
1790
2604
713
1292
1581
213
3557
498
2415
10401
1977
2368
195
242
232
551
484
442
1171
2213
3379
1373
150
628
686
595
4194
2012
1100
525
1246
489
341
622
3260
806
3745
10920
4670
2033
2982
874
631
1004
4065
4575
4076
667
360
1356
1666
1862
1884
3990
1322
494
994
3062
1719
1148
118
624
753
749
807
6359
4017
286
1139
274
162
1099
2948
428
2323
845
2523
3321
1509
506
3790
215
888
337
1139
1492
1100
741
5065
4270
1083
779
2363
3435
1598
7188
460
116
780
581
982
5379
666
2609
7304
230
729
283
351
3365
1882
545
1471
881
6642
226
863
137
1186
744
2571
2860
3128
1425
3668
2173
1144
3508
959
1182
382
151
4267
1837
3903
774
1440
1398
2079
449
1236
2650
10324
2327
1829
2168
119
524
658
1362
262
2178
1430
566
159
244
249
814
816
3507
1320
1069
367
2766
179
1862
820
354
142
1417
775
2160
296
1755
516
4167
1376
1657
2649
4442
1047
1962
151
3611
5081
805
4544
528
1842
5340
1736
1828
958
1199
649
1726
475
1454
387
1000
1961
4038
560
1048
2499
1029
362
279
2541
125
83
2210
1093
1690
1225
1464
1928
1047
3768
4427
3660
1217
757
3202
2861
234
5113
5774
5040
268
356
925
295
2936
1315
1390
2870
104
1218
1363
1569
1520
203
2211
3679
3936
4609
165
694
2263
705
3671
689
1056
28
596
1850
214
4282
1714
1085
3533
1438
4625
2892
613
2241
683
1765
1853
1396
3120
150
954
2271
837
2616
705
200
5450
249
1526
886
405
7699
1345
894
469
213
1139
3267
5370
494
126
2395
809
551
3382
1082
969
232
1022
2314
202
661
601
450
103
371
312
516
1217
126
252
1311
458
253
6773
3060
1707
279
435
1329
3881
712
431
515
4736
3135
547
508
4151
1170
11456
5058
823
1110
829
191
133
1036
1072
2646
459
1129
456
251
2256
1544
5389
2442
3666
1006
224
772
1606
303
534
2190
106
789
236
5149
436
323
2107
1390
1894
3847
580
4026
4612
413
3211
775
4369
940
148
209
509
3387
2681
229
5376
4071
2233
681
6302
1657
1786
2166
343
1205
171
1005
543
104
2713
259
2679
1083
510
876
736
377
520
3237
165
2369
2174
481
486
2077
569
381
1284
911
707
190
518
2820
476
537
479
232
1191
902
2159
777
2287
2633
132
993
1961
4495
7723
2007
743
5332
2191
1437
1586
1644
175
7931
2263
2350
3726
2422
459
2548
1892
7277
196
162
3455
1158
1429
1140
857
5670
1755
1034
451
5224
791
896
327
246
3748
844
2336
2631
132
861
3773
2236
209
6626
4137
125
2707
825
255
1281
1329
3861
1608
224
2277
609
225
1116
4344
321
319
257
156
141
600
285
1270
1332
2269
376
947
1248
1081
3125
369
141
570
971
62
1093
729
110
43
771
618
721
190
469
2211
969
3429
1297
1412
1577
4806
3596
2326
175
719
1885
2900
1339
2298
1046
2070
619
802
407
5355
2096
3469
697
3433
429
392
2225
364
1531
2016
553
954
1369
601
4848
1166
740
4710
996
1545
2939
1520
863
618
50
1256
630
154
3990
7402
554
521
401
414
611
920
4000
720
582
3264
202
860
231
256
1810
270
334
4174
313
1757
1225
161
2143
1862
5187
832
3894
1539
455
2514
4965
213
3468
1490
3795
2206
529
1143
1504
425
695
1711
123
723
3403
3693
568
264
382
281
1184
3127
3291
1748
1347
230
838
1416
1081
1824
1588
1667
1999
3321
1809
1444
1210
1185
2657
1248
3441
634
10116
1824
1378
1723
3102
2643
711
2769
123
5427
225
530
533
1903
1481
901
108
199
114
369
1849
2203
265
593
3168
2300
247
962
1378
6452
5497
219
1085
134
1399
111
915
1407
169
2323
160
1779
578
886
705
440
1325
1345
153
227
1256
514
3672
747
1034
1061
2586
7459
2263
1391
1276
110
758
286
1968
1174
1240
6959
388
1163
823
1773
1349
685
1139
1256
135
173
248
147
3523
534
3010
667
3250
584
322
495
1134
341
1677
158
873
1078
839
1334
5470
2096
594
2142
529
666
1807
2543
1403
1364
1377
139
379
559
1227
566
677
423
304
2128
810
1828
284
1444
805
639
6046
1644
1342
1446
275
2056
300
580
1241
1070
530
823
3804
2757
521
6121
396
3320
540
4501
796
957
2382
112
1562
2133
203
2770
453
2683
637
245
1000
175
788
2785
1301
3367
608
2168
807
279
1319
311
3034
1438
859
787
1886
2206
388
2284
663
516
